1000 4925 98825
1001 4925 100825
1002 4925 102825
1003 4925 104825
1004 4925 106825
1005 4925 108825
1006 4925 110825
1007 4925 112825
1008 4925 114825
1009 4925 116825
1010 4925 118825
1011 4925 120825
1012 4925 122825
1013 4925 124825
1014 4925 126825
1015 4925 128825
1016 4925 130825
1017 4925 132825
1018 4925 134825
1019 4925 136825
1020 4925 138825
1021 4925 140825
1022 4925 142825
1023 4925 144825
1024 4925 146825
1025 4925 148825
1026 4925 150825
1027 4925 152825
1028 4925 154825
1029 4925 156825
1030 4925 158825
1031 4925 160825
1032 4925 162825
1033 4925 164825
1034 4925 166825
1035 4925 168825
1036 4925 170825
1037 4925 172825
1038 4925 174825
1039 4925 176825
1040 4925 188825
1041 4925 216825
1042 4925 244825
1043 4925 260825
1044 4925 294825
1045 4925 306825
1046 4925 330825
1047 4925 336825
1048 4925 366825
1049 4925 398825
1050 4925 400825
1051 4925 402825
1052 4925 404825
1053 4925 406825
1054 4925 408825
1055 4925 410825
1056 4925 412825
1057 4925 414825
1058 4925 416825
1059 4925 418825
1060 4925 420825
1061 4925 422825
1062 4925 424825
1063 4925 430825
1064 4925 452825
1065 4925 458825
1066 4925 460825
1067 4925 462825
1068 4925 464825
1069 4925 466825
1070 4925 468825
1071 4925 470825
1072 4925 472825
1073 4925 474825
1074 4925 476825
1075 4925 478825
1076 4925 480825
1077 4925 482825
1078 4925 484825
1079 4925 486825
1080 4925 488825
1081 4925 490825
1082 4925 492825
1083 4925 494825
1084 4925 510825
1085 4925 534825
1086 4925 538825
1087 6925 2825
1088 6925 20825
1089 6925 24825
1090 6925 36825
1091 6925 66825
1092 6925 88825
1093 6925 90825
1094 6925 92825
1095 6925 94825
1096 6925 96825
1097 6925 98825
1098 6925 100825
1099 6925 102825
1100 6925 104825
1101 6925 106825
1102 6925 108825
1103 6925 110825
1104 6925 112825
1105 6925 114825
1106 6925 116825
1107 6925 118825
1108 6925 120825
1109 6925 122825
1110 6925 124825
1111 6925 126825
1112 6925 128825
1113 6925 130825
1114 6925 132825
1115 6925 134825
1116 6925 136825
1117 6925 138825
1118 6925 142825
1119 6925 144825
1120 6925 146825
1121 6925 148825
1122 6925 150825
1123 6925 152825
1124 6925 154825
1125 6925 156825
1126 6925 158825
1127 6925 160825
1128 6925 162825
1129 6925 164825
1130 6925 166825
1131 6925 168825
1132 6925 170825
1133 6925 172825
1134 6925 174825
1135 6925 176825
1136 6925 178825
1137 6925 180825
1138 6925 182825
1139 6925 184825
1140 6925 186825
1141 6925 188825
1142 6925 190825
1143 6925 192825
1144 6925 194825
1145 6925 196825
1146 6925 198825
1147 6925 200825
1148 6925 202825
1149 6925 204825
1150 6925 206825
1151 6925 208825
1152 6925 210825
1153 6925 212825
1154 6925 214825
1155 6925 216825
1156 6925 218825
1157 6925 220825
1158 6925 222825
1159 6925 224825
1160 6925 226825
1161 6925 228825
1162 6925 230825
1163 6925 232825
1164 6925 234825
1165 6925 236825
1166 6925 238825
1167 6925 240825
1168 6925 242825
1169 6925 244825
1170 6925 246825
1171 6925 248825
1172 6925 250825
1173 6925 252825
1174 6925 254825
1175 6925 256825
1176 6925 258825
1177 6925 260825
1178 6925 264825
1179 6925 266825
1180 6925 268825
1181 6925 270825
1182 6925 272825
1183 6925 274825
1184 6925 276825
1185 6925 278825
1186 6925 280825
1187 6925 282825
1188 6925 284825
1189 6925 286825
1190 6925 288825
1191 6925 290825
1192 6925 292825
1193 6925 294825
1194 6925 296825
1195 6925 298825
1196 6925 300825
1197 6925 302825
1198 6925 304825
1199 6925 306825
1200 6925 308825
1201 6925 310825
1202 6925 312825
1203 6925 314825
1204 6925 316825
1205 6925 318825
1206 6925 320825
1207 6925 322825
1208 6925 324825
1209 6925 326825
1210 6925 328825
1211 6925 330825
1212 6925 332825
1213 6925 334825
1214 6925 336825
1215 6925 338825
1216 6925 340825
1217 6925 342825
1218 6925 344825
1219 6925 346825
1220 6925 348825
1221 6925 350825
1222 6925 352825
1223 6925 354825
1224 6925 356825
1225 6925 358825
1226 6925 360825
1227 6925 362825
1228 6925 364825
1229 6925 366825
1230 6925 368825
1231 6925 370825
1232 6925 372825
1233 6925 374825
1234 6925 376825
1235 6925 378825
1236 6925 380825
1237 6925 382825
1238 6925 384825
1239 6925 388825
1240 6925 390825
1241 6925 392825
1242 6925 394825
1243 6925 396825
1244 6925 398825
1245 6925 400825
1246 6925 402825
1247 6925 404825
1248 6925 406825
1249 6925 408825
1250 6925 410825
1251 6925 412825
1252 6925 414825
1253 6925 416825
1254 6925 418825
1255 6925 420825
1256 6925 422825
1257 6925 424825
1258 6925 426825
1259 6925 428825
1260 6925 430825
1261 6925 432825
1262 6925 434825
1263 6925 436825
1264 6925 438825
1265 6925 440825
1266 6925 442825
1267 6925 444825
1268 6925 446825
1269 6925 448825
1270 6925 450825
1271 6925 452825
1272 6925 454825
1273 6925 456825
1274 6925 458825
1275 6925 460825
1276 6925 462825
1277 6925 466825
1278 6925 468825
1279 6925 470825
1280 6925 472825
1281 6925 474825
1282 6925 476825
1283 6925 478825
1284 6925 480825
1285 6925 482825
1286 6925 484825
1287 6925 486825
1288 6925 488825
1289 6925 490825
1290 6925 492825
1291 6925 494825
1292 6925 496825
1293 6925 510825
1294 6925 534825
1295 6925 538825
1296 8925 2825
1297 8925 20825
1298 8925 24825
1299 8925 36825
1300 8925 42825
1301 8925 44825
1302 8925 46825
1303 8925 48825
1304 8925 50825
1305 8925 52825
1306 8925 54825
1307 8925 56825
1308 8925 58825
1309 8925 60825
1310 8925 62825
1311 8925 64825
1312 8925 66825
1313 8925 68825
1314 8925 70825
1315 8925 72825
1316 8925 74825
1317 8925 76825
1318 8925 80825
1319 8925 82825
1320 8925 84825
1321 8925 86825
1322 8925 88825
1323 8925 90825
1324 8925 92825
1325 8925 94825
1326 8925 96825
1327 8925 98825
1328 8925 100825
1329 8925 102825
1330 8925 104825
1331 8925 106825
1332 8925 108825
1333 8925 110825
1334 8925 112825
1335 8925 114825
1336 8925 116825
1337 8925 118825
1338 8925 120825
1339 8925 122825
1340 8925 124825
1341 8925 126825
1342 8925 128825
1343 8925 130825
1344 8925 132825
1345 8925 134825
1346 8925 136825
1347 8925 138825
1348 8925 140825
1349 8925 142825
1350 8925 144825
1351 8925 146825
1352 8925 148825
1353 8925 150825
1354 8925 152825
1355 8925 154825
1356 8925 156825
1357 8925 158825
1358 8925 160825
1359 8925 162825
1360 8925 164825
1361 8925 166825
1362 8925 168825
1363 8925 170825
1364 8925 172825
1365 8925 174825
1366 8925 176825
1367 8925 178825
1368 8925 180825
1369 8925 182825
1370 8925 184825
1371 8925 186825
1372 8925 188825
1373 8925 190825
1374 8925 192825
1375 8925 196825
1376 8925 198825
1377 8925 200825
1378 8925 202825
1379 8925 204825
1380 8925 206825
1381 8925 208825
1382 8925 210825
1383 8925 212825
1384 8925 214825
1385 8925 216825
1386 8925 218825
1387 8925 220825
1388 8925 222825
1389 8925 224825
1390 8925 226825
1391 8925 228825
1392 8925 230825
1393 8925 232825
1394 8925 234825
1395 8925 236825
1396 8925 238825
1397 8925 240825
1398 8925 242825
1399 8925 244825
1400 8925 246825
1401 8925 248825
1402 8925 250825
1403 8925 252825
1404 8925 254825
1405 8925 256825
1406 8925 258825
1407 8925 260825
1408 8925 262825
1409 8925 264825
1410 8925 266825
1411 8925 268825
1412 8925 270825
1413 8925 272825
1414 8925 274825
1415 8925 276825
1416 8925 278825
1417 8925 280825
1418 8925 282825
1419 8925 284825
1420 8925 286825
1421 8925 288825
1422 8925 290825
1423 8925 292825
1424 8925 294825
1425 8925 296825
1426 8925 298825
1427 8925 300825
1428 8925 302825
1429 8925 304825
1430 8925 306825
1431 8925 308825
1432 8925 310825
1433 8925 312825
1434 8925 314825
1435 8925 316825
1436 8925 318825
1437 8925 320825
1438 8925 322825
1439 8925 324825
1440 8925 326825
1441 8925 330825
1442 8925 332825
1443 8925 334825
1444 8925 336825
1445 8925 338825
1446 8925 340825
1447 8925 342825
1448 8925 344825
1449 8925 346825
1450 8925 348825
1451 8925 350825
1452 8925 352825
1453 8925 354825
1454 8925 356825
1455 8925 358825
1456 8925 360825
1457 8925 364825
1458 8925 366825
1459 8925 368825
1460 8925 370825
1461 8925 372825
1462 8925 374825
1463 8925 376825
1464 8925 378825
1465 8925 380825
1466 8925 382825
1467 8925 384825
1468 8925 386825
1469 8925 388825
1470 8925 390825
1471 8925 392825
1472 8925 394825
1473 8925 396825
1474 8925 398825
1475 8925 400825
1476 8925 402825
1477 8925 404825
1478 8925 406825
1479 8925 408825
1480 8925 410825
1481 8925 412825
1482 8925 414825
1483 8925 416825
1484 8925 418825
1485 8925 420825
1486 8925 422825
1487 8925 424825
1488 8925 426825
1489 8925 428825
1490 8925 430825
1491 8925 432825
1492 8925 434825
1493 8925 436825
1494 8925 438825
1495 8925 440825
1496 8925 442825
1497 8925 444825
1498 8925 452825
1499 8925 464825
1500 8925 466825
1501 8925 496825
1502 8925 498825
1503 8925 510825
1504 8925 534825
1505 8925 538825
1506 10925 2825
1507 10925 20825
1508 10925 24825
1509 10925 36825
1510 10925 40825
1511 10925 66825
1512 10925 78825
1513 10925 86825
1514 10925 96825
1515 10925 122825
1516 10925 124825
1517 10925 140825
1518 10925 178825
1519 10925 190825
1520 10925 194825
1521 10925 216825
1522 10925 244825
1523 10925 260825
1524 10925 262825
1525 10925 294825
1526 10925 306825
1527 10925 328825
1528 10925 330825
1529 10925 336825
1530 10925 362825
1531 10925 366825
1532 10925 386825
1533 10925 426825
1534 10925 430825
1535 10925 446825
1536 10925 452825
1537 10925 464825
1538 10925 466825
1539 10925 496825
1540 10925 498825
1541 10925 510825
1542 10925 534825
1543 10925 538825
1544 12925 2825
1545 12925 20825
1546 12925 24825
1547 12925 36825
1548 12925 40825
1549 12925 66825
1550 12925 78825
1551 12925 86825
1552 12925 96825
1553 12925 120825
1554 12925 140825
1555 12925 154825
1556 12925 178825
1557 12925 190825
1558 12925 194825
1559 12925 216825
1560 12925 244825
1561 12925 260825
1562 12925 262825
1563 12925 294825
1564 12925 306825
1565 12925 328825
1566 12925 330825
1567 12925 336825
1568 12925 362825
1569 12925 366825
1570 12925 386825
1571 12925 426825
1572 12925 430825
1573 12925 446825
1574 12925 452825
1575 12925 464825
1576 12925 466825
1577 12925 496825
1578 12925 498825
1579 12925 510825
1580 12925 534825
1581 12925 538825
1582 14925 2825
1583 14925 20825
1584 14925 24825
1585 14925 36825
1586 14925 40825
1587 14925 66825
1588 14925 78825
1589 14925 86825
1590 14925 96825
1591 14925 120825
1592 14925 140825
1593 14925 154825
1594 14925 178825
1595 14925 190825
1596 14925 194825
1597 14925 216825
1598 14925 244825
1599 14925 260825
1600 14925 262825
1601 14925 294825
1602 14925 306825
1603 14925 328825
1604 14925 330825
1605 14925 336825
1606 14925 362825
1607 14925 366825
1608 14925 386825
1609 14925 426825
1610 14925 430825
1611 14925 446825
1612 14925 452825
1613 14925 464825
1614 14925 466825
1615 14925 496825
1616 14925 498825
1617 14925 510825
1618 14925 534825
1619 14925 538825
1620 16925 2825
1621 16925 20825
1622 16925 24825
1623 16925 36825
1624 16925 40825
1625 16925 66825
1626 16925 78825
1627 16925 86825
1628 16925 96825
1629 16925 120825
1630 16925 140825
1631 16925 154825
1632 16925 178825
1633 16925 190825
1634 16925 194825
1635 16925 216825
1636 16925 244825
1637 16925 260825
1638 16925 262825
1639 16925 294825
1640 16925 306825
1641 16925 328825
1642 16925 330825
1643 16925 336825
1644 16925 362825
1645 16925 366825
1646 16925 386825
1647 16925 426825
1648 16925 430825
1649 16925 446825
1650 16925 452825
1651 16925 464825
1652 16925 466825
1653 16925 496825
1654 16925 498825
1655 16925 510825
1656 16925 534825
1657 16925 538825
1658 18925 2825
1659 18925 20825
1660 18925 24825
1661 18925 36825
1662 18925 40825
1663 18925 66825
1664 18925 78825
1665 18925 86825
1666 18925 96825
1667 18925 120825
1668 18925 140825
1669 18925 154825
1670 18925 178825
1671 18925 190825
1672 18925 194825
1673 18925 216825
1674 18925 244825
1675 18925 260825
1676 18925 262825
1677 18925 294825
1678 18925 306825
1679 18925 328825
1680 18925 330825
1681 18925 336825
1682 18925 362825
1683 18925 366825
1684 18925 386825
1685 18925 426825
1686 18925 430825
1687 18925 446825
1688 18925 452825
1689 18925 464825
1690 18925 466825
1691 18925 496825
1692 18925 498825
1693 18925 510825
1694 18925 534825
1695 18925 538825
1696 20925 2825
1697 20925 20825
1698 20925 24825
1699 20925 36825
1700 20925 40825
1701 20925 66825
1702 20925 78825
1703 20925 86825
1704 20925 96825
1705 20925 120825
1706 20925 140825
1707 20925 154825
1708 20925 178825
1709 20925 190825
1710 20925 194825
1711 20925 216825
1712 20925 244825
1713 20925 260825
1714 20925 262825
1715 20925 294825
1716 20925 306825
1717 20925 328825
1718 20925 330825
1719 20925 336825
1720 20925 362825
1721 20925 366825
1722 20925 386825
1723 20925 426825
1724 20925 430825
1725 20925 446825
1726 20925 452825
1727 20925 464825
1728 20925 466825
1729 20925 496825
1730 20925 498825
1731 20925 510825
1732 20925 534825
1733 20925 538825
1734 22925 2825
1735 22925 20825
1736 22925 24825
1737 22925 36825
1738 22925 40825
1739 22925 66825
1740 22925 78825
1741 22925 86825
1742 22925 96825
1743 22925 120825
1744 22925 140825
1745 22925 154825
1746 22925 178825
1747 22925 190825
1748 22925 194825
1749 22925 216825
1750 22925 244825
1751 22925 260825
1752 22925 262825
1753 22925 294825
1754 22925 306825
1755 22925 328825
1756 22925 330825
1757 22925 336825
1758 22925 362825
1759 22925 366825
1760 22925 386825
1761 22925 426825
1762 22925 430825
1763 22925 446825
1764 22925 452825
1765 22925 464825
1766 22925 466825
1767 22925 496825
1768 22925 498825
1769 22925 510825
1770 22925 534825
1771 22925 538825
1772 24925 2825
1773 24925 20825
1774 24925 24825
1775 24925 36825
1776 24925 40825
1777 24925 66825
1778 24925 78825
1779 24925 86825
1780 24925 96825
1781 24925 120825
1782 24925 140825
1783 24925 154825
1784 24925 178825
1785 24925 190825
1786 24925 194825
1787 24925 216825
1788 24925 244825
1789 24925 260825
1790 24925 262825
1791 24925 294825
1792 24925 306825
1793 24925 328825
1794 24925 330825
1795 24925 336825
1796 24925 362825
1797 24925 366825
1798 24925 386825
1799 24925 426825
1800 24925 430825
1801 24925 446825
1802 24925 452825
1803 24925 464825
1804 24925 466825
1805 24925 496825
1806 24925 498825
1807 24925 510825
1808 24925 534825
1809 24925 538825
1810 26925 2825
1811 26925 20825
1812 26925 24825
1813 26925 36825
1814 26925 40825
1815 26925 66825
1816 26925 78825
1817 26925 86825
1818 26925 96825
1819 26925 120825
1820 26925 140825
1821 26925 154825
1822 26925 178825
1823 26925 190825
1824 26925 194825
1825 26925 216825
1826 26925 244825
1827 26925 260825
1828 26925 262825
1829 26925 294825
1830 26925 306825
1831 26925 328825
1832 26925 330825
1833 26925 336825
1834 26925 362825
1835 26925 366825
1836 26925 386825
1837 26925 426825
1838 26925 430825
1839 26925 446825
1840 26925 452825
1841 26925 464825
1842 26925 466825
1843 26925 496825
1844 26925 498825
1845 26925 510825
1846 26925 534825
1847 26925 538825
1848 28925 2825
1849 28925 20825
1850 28925 24825
1851 28925 36825
1852 28925 40825
1853 28925 66825
1854 28925 78825
1855 28925 86825
1856 28925 96825
1857 28925 120825
1858 28925 140825
1859 28925 154825
1860 28925 178825
1861 28925 190825
1862 28925 194825
1863 28925 216825
1864 28925 244825
1865 28925 260825
1866 28925 262825
1867 28925 294825
1868 28925 306825
1869 28925 328825
1870 28925 330825
1871 28925 336825
1872 28925 362825
1873 28925 366825
1874 28925 386825
1875 28925 426825
1876 28925 430825
1877 28925 446825
1878 28925 452825
1879 28925 464825
1880 28925 466825
1881 28925 496825
1882 28925 498825
1883 28925 510825
1884 28925 534825
1885 28925 538825
1886 30925 2825
1887 30925 20825
1888 30925 24825
1889 30925 36825
1890 30925 40825
1891 30925 66825
1892 30925 78825
1893 30925 86825
1894 30925 96825
1895 30925 120825
1896 30925 140825
1897 30925 154825
1898 30925 178825
1899 30925 190825
1900 30925 194825
1901 30925 216825
1902 30925 244825
1903 30925 260825
1904 30925 262825
1905 30925 294825
1906 30925 306825
1907 30925 328825
1908 30925 330825
1909 30925 336825
1910 30925 362825
1911 30925 366825
1912 30925 386825
1913 30925 426825
1914 30925 430825
1915 30925 446825
1916 30925 452825
1917 30925 464825
1918 30925 466825
1919 30925 496825
1920 30925 498825
1921 30925 510825
1922 30925 534825
1923 30925 538825
1924 32925 2825
1925 32925 20825
1926 32925 24825
1927 32925 36825
1928 32925 40825
1929 32925 66825
1930 32925 78825
1931 32925 86825
1932 32925 96825
1933 32925 120825
1934 32925 140825
1935 32925 154825
1936 32925 178825
1937 32925 190825
1938 32925 194825
1939 32925 216825
1940 32925 244825
1941 32925 260825
1942 32925 262825
1943 32925 294825
1944 32925 306825
1945 32925 328825
1946 32925 330825
1947 32925 336825
1948 32925 362825
1949 32925 366825
1950 32925 386825
1951 32925 426825
1952 32925 430825
1953 32925 446825
1954 32925 452825
1955 32925 464825
1956 32925 466825
1957 32925 496825
1958 32925 498825
1959 32925 510825
1960 32925 534825
1961 32925 538825
1962 34925 2825
1963 34925 20825
1964 34925 24825
1965 34925 36825
1966 34925 40825
1967 34925 66825
1968 34925 78825
1969 34925 86825
1970 34925 96825
1971 34925 120825
1972 34925 140825
1973 34925 154825
1974 34925 178825
1975 34925 190825
1976 34925 194825
1977 34925 216825
1978 34925 244825
1979 34925 260825
1980 34925 262825
1981 34925 294825
1982 34925 306825
1983 34925 328825
1984 34925 330825
1985 34925 336825
1986 34925 362825
1987 34925 366825
1988 34925 386825
1989 34925 426825
1990 34925 430825
1991 34925 446825
1992 34925 452825
1993 34925 464825
1994 34925 466825
1995 34925 496825
1996 34925 498825
1997 34925 510825
1998 34925 534825
1999 34925 538825