1 515725 507650
2 520000 507650
3 507725 507650
4 512000 507650
5 203875 506925
6 205600 506925
7 187875 506925
8 189600 506925
9 195875 506925
10 197600 506925
11 155725 507650
12 160000 507650
13 147875 506925
14 149600 506925
15 139875 506925
16 141600 506925
17 131725 507650
18 136000 507650
19 75875 506925
20 77600 506925
21 67875 506925
22 69600 506925
23 59875 506925
24 61600 506925
25 219875 472925
26 221600 472925
27 195725 473650
28 200000 473650
29 203875 472925
30 205600 472925
31 187725 473650
32 192000 473650
33 147875 472925
34 149600 472925
35 139725 473650
36 144000 473650
37 131725 473650
38 136000 473650
39 123875 472925
40 125600 472925
41 75875 472925
42 77600 472925
43 67875 472925
44 69600 472925
45 59875 472925
46 61600 472925
47 555725 439650
48 560000 439650
49 531875 438925
50 533600 438925
51 523725 439650
52 528000 439650
53 515725 439650
54 520000 439650
55 507875 438925
56 509600 438925
57 475725 439650
58 480000 439650
59 467725 439650
60 472000 439650
61 155875 438925
62 157600 438925
63 131725 439650
64 136000 439650
65 139875 438925
66 141600 438925
67 187725 439650
68 192000 439650
69 59875 438925
70 61600 438925
71 75875 438925
72 77600 438925
73 67875 438925
74 69600 438925
75 555875 404925
76 557600 404925
77 539725 405650
78 544000 405650
79 515725 405650
80 520000 405650
81 523725 405650
82 528000 405650
83 507875 404925
84 509600 404925
85 475725 405650
86 480000 405650
87 411725 405650
88 416000 405650
89 443875 404925
90 445600 404925
91 467725 405650
92 472000 405650
93 155725 405650
94 160000 405650
95 147875 404925
96 149600 404925
97 131725 405650
98 136000 405650
99 123875 404925
100 125600 404925
101 75875 404925
102 77600 404925
103 67875 404925
104 69600 404925
105 59875 404925
106 61600 404925
107 555875 370925
108 557600 370925
109 547725 371650
110 552000 371650
111 539875 370925
112 541600 370925
113 515875 370925
114 517600 370925
115 523875 370925
116 525600 370925
117 507875 370925
118 509600 370925
119 467875 370925
120 469600 370925
121 475875 370925
122 477600 370925
123 451875 370925
124 453600 370925
125 459875 370925
126 461600 370925
127 403875 370925
128 405600 370925
129 411875 370925
130 413600 370925
131 155725 371650
132 160000 371650
133 147875 370925
134 149600 370925
135 139725 371650
136 144000 371650
137 131875 370925
138 133600 370925
139 75875 370925
140 77600 370925
141 59875 370925
142 61600 370925
143 67875 370925
144 69600 370925
145 555875 336925
146 557600 336925
147 547725 337650
148 552000 337650
149 539725 337650
150 544000 337650
151 531725 337650
152 536000 337650
153 523725 337650
154 528000 337650
155 507875 336925
156 509600 336925
157 475725 337650
158 480000 337650
159 459725 337650
160 464000 337650
161 451725 337650
162 456000 337650
163 443725 337650
164 448000 337650
165 411725 337650
166 416000 337650
167 403725 337650
168 408000 337650
169 187875 336925
170 189600 336925
171 131725 337650
172 136000 337650
173 147875 336925
174 149600 336925
175 91725 337650
176 96000 337650
177 139875 336925
178 141600 336925
179 67875 336925
180 69600 336925
181 59875 336925
182 61600 336925
183 555725 303650
184 560000 303650
185 515875 302925
186 517600 302925
187 531725 303650
188 536000 303650
189 539875 302925
190 541600 302925
191 475875 302925
192 477600 302925
193 467875 302925
194 469600 302925
195 507875 302925
196 509600 302925
197 451725 303650
198 456000 303650
199 443875 302925
200 445600 302925
201 411875 302925
202 413600 302925
203 155725 303650
204 160000 303650
205 187875 302925
206 189600 302925
207 91725 303650
208 96000 303650
209 139875 302925
210 141600 302925
211 59875 302925
212 61600 302925
213 75875 302925
214 77600 302925
215 67875 302925
216 69600 302925
217 539875 268925
218 541600 268925
219 531875 268925
220 533600 268925
221 523875 268925
222 525600 268925
223 475725 269650
224 480000 269650
225 507725 269650
226 512000 269650
227 515725 269650
228 520000 269650
229 459725 269650
230 464000 269650
231 443725 269650
232 448000 269650
233 451875 268925
234 453600 268925
235 411875 268925
236 413600 268925
237 155875 268925
238 157600 268925
239 147725 269650
240 152000 269650
241 139725 269650
242 144000 269650
243 131875 268925
244 133600 268925
245 75875 268925
246 77600 268925
247 67875 268925
248 69600 268925
249 59875 268925
250 61600 268925
251 507875 234925
252 509600 234925
253 547725 235650
254 552000 235650
255 531725 235650
256 536000 235650
257 515725 235650
258 520000 235650
259 523725 235650
260 528000 235650
261 539875 234925
262 541600 234925
263 475725 235650
264 480000 235650
265 467875 234925
266 469600 234925
267 459875 234925
268 461600 234925
269 451725 235650
270 456000 235650
271 155875 234925
272 157600 234925
273 147725 235650
274 152000 235650
275 123875 234925
276 125600 234925
277 131725 235650
278 136000 235650
279 75875 234925
280 77600 234925
281 67875 234925
282 69600 234925
283 59875 234925
284 61600 234925
285 555875 200925
286 557600 200925
287 539875 200925
288 541600 200925
289 531875 200925
290 533600 200925
291 523725 201650
292 528000 201650
293 507725 201650
294 512000 201650
295 515725 201650
296 520000 201650
297 459725 201650
298 464000 201650
299 451725 201650
300 456000 201650
301 443725 201650
302 448000 201650
303 411875 200925
304 413600 200925
305 155875 200925
306 157600 200925
307 147725 201650
308 152000 201650
309 139725 201650
310 144000 201650
311 123875 200925
312 125600 200925
313 83875 200925
314 85600 200925
315 67875 200925
316 69600 200925
317 59875 200925
318 61600 200925
319 523725 167650
320 528000 167650
321 507725 167650
322 512000 167650
323 515725 167650
324 520000 167650
325 475725 167650
326 480000 167650
327 459875 166925
328 461600 166925
329 155875 166925
330 157600 166925
331 147725 167650
332 152000 167650
333 123875 166925
334 125600 166925
335 131725 167650
336 136000 167650
337 83875 166925
338 85600 166925
339 75875 166925
340 77600 166925
341 59875 166925
342 61600 166925
343 507875 132925
344 509600 132925
345 515725 133650
346 520000 133650
347 459875 132925
348 461600 132925
349 443875 132925
350 445600 132925
351 451875 132925
352 453600 132925
353 187875 132925
354 189600 132925
355 155725 133650
356 160000 133650
357 147725 133650
358 152000 133650
359 139725 133650
360 144000 133650
361 131875 132925
362 133600 132925
363 75875 132925
364 77600 132925
365 59875 132925
366 61600 132925
367 67875 132925
368 69600 132925
369 507725 99650
370 512000 99650
371 459875 98925
372 461600 98925
373 467875 98925
374 469600 98925
375 451875 98925
376 453600 98925
377 155875 98925
378 157600 98925
379 139725 99650
380 144000 99650
381 131875 98925
382 133600 98925
383 123725 99650
384 128000 99650
385 75875 98925
386 77600 98925
387 67875 98925
388 69600 98925
389 59875 98925
390 61600 98925
391 507725 65650
392 512000 65650
393 467875 64925
394 469600 64925
395 459875 64925
396 461600 64925
397 451875 64925
398 453600 64925
399 147725 65650
400 152000 65650
401 187875 64925
402 189600 64925
403 139875 64925
404 141600 64925
405 195725 65650
406 200000 65650
407 83875 64925
408 85600 64925
409 75875 64925
410 77600 64925
411 59875 64925
412 61600 64925
413 475875 30925
414 477600 30925
415 459875 30925
416 461600 30925
417 451875 30925
418 453600 30925
419 187875 30925
420 189600 30925
421 155725 31650
422 160000 31650
423 147725 31650
424 152000 31650
425 139875 30925
426 141600 30925
427 123725 31650
428 128000 31650
429 59875 30925
430 61600 30925
431 75875 30925
432 77600 30925
433 67875 30925
434 69600 30925
435 0 725
436 2000 725
437 4000 725
438 6000 725
439 8000 725
440 10000 725
441 12000 725
442 14000 725
443 16000 725
444 18000 725
445 20000 725
446 22000 725
447 24000 725
448 26000 725
449 28000 725
450 30000 725
451 32000 725
452 34000 725
453 36000 725
454 38000 725
455 40000 725
456 42000 725
457 44000 725
458 46000 725
459 0 2725
460 0 246725
461 0 262725
462 0 276725
463 0 432725
464 0 452725
465 2000 20725
466 2000 332725
467 2000 426725
468 2000 468725
469 2000 486725
470 2000 536725
471 4000 24725
472 4000 180725
473 4000 186725
474 4000 192725
475 4000 396725
476 4000 428725
477 4000 456725
478 4000 498725
479 6000 86725
480 6000 500725
481 8000 40725
482 8000 448725
483 10000 120725
484 10000 128725
485 10000 154725
486 10000 158725
487 36000 72725
488 36000 450725
489 38000 38725
490 38000 464725
491 40000 74725
492 40000 502725
493 42000 22725
494 42000 212725
495 42000 216725
496 42000 226725
497 42000 246725
498 42000 494725
499 44000 36725
500 44000 60725
501 44000 66725
502 44000 78725
503 44000 88725
504 44000 98725
505 44000 124725
506 44000 348725
507 44000 414725
508 44000 538725
509 46000 298725
510 46000 306725
511 46000 314725
512 46000 336725
513 46000 360725
514 46000 366725
515 46000 384725
516 46000 396725
517 46000 512725
518 925 4825
519 925 6825
520 925 8825
521 925 10825
522 925 12825
523 925 14825
524 925 16825
525 925 18825
526 925 20825
527 925 22825
528 925 24825
529 925 26825
530 925 28825
531 925 30825
532 925 32825
533 925 34825
534 925 36825
535 925 38825
536 925 40825
537 925 42825
538 925 44825
539 925 46825
540 925 48825
541 925 50825
542 925 52825
543 925 54825
544 925 56825
545 925 58825
546 925 60825
547 925 62825
548 925 64825
549 925 66825
550 925 68825
551 925 70825
552 925 72825
553 925 74825
554 925 76825
555 925 78825
556 925 80825
557 925 82825
558 925 84825
559 925 86825
560 925 88825
561 925 90825
562 925 92825
563 925 94825
564 925 96825
565 925 98825
566 925 100825
567 925 102825
568 925 104825
569 925 106825
570 925 108825
571 925 110825
572 925 112825
573 925 114825
574 925 116825
575 925 118825
576 925 120825
577 925 122825
578 925 124825
579 925 126825
580 925 128825
581 925 130825
582 925 132825
583 925 134825
584 925 136825
585 925 138825
586 925 140825
587 925 142825
588 925 144825
589 925 146825
590 925 148825
591 925 150825
592 925 152825
593 925 154825
594 925 156825
595 925 158825
596 925 160825
597 925 162825
598 925 164825
599 925 166825
600 925 168825
601 925 170825
602 925 172825
603 925 174825
604 925 176825
605 925 178825
606 925 180825
607 925 182825
608 925 184825
609 925 186825
610 925 188825
611 925 190825
612 925 192825
613 925 194825
614 925 196825
615 925 198825
616 925 200825
617 925 202825
618 925 204825
619 925 206825
620 925 208825
621 925 210825
622 925 212825
623 925 214825
624 925 216825
625 925 218825
626 925 220825
627 925 222825
628 925 224825
629 925 226825
630 925 228825
631 925 230825
632 925 232825
633 925 234825
634 925 236825
635 925 238825
636 925 240825
637 925 242825
638 925 248825
639 925 250825
640 925 252825
641 925 254825
642 925 256825
643 925 258825
644 925 278825
645 925 280825
646 925 282825
647 925 284825
648 925 286825
649 925 288825
650 925 290825
651 925 292825
652 925 296825
653 925 298825
654 925 300825
655 925 302825
656 925 304825
657 925 306825
658 925 308825
659 925 310825
660 925 312825
661 925 314825
662 925 316825
663 925 318825
664 925 320825
665 925 322825
666 925 324825
667 925 326825
668 925 328825
669 925 330825
670 925 332825
671 925 334825
672 925 336825
673 925 338825
674 925 340825
675 925 342825
676 925 344825
677 925 346825
678 925 348825
679 925 350825
680 925 352825
681 925 354825
682 925 356825
683 925 358825
684 925 360825
685 925 362825
686 925 364825
687 925 366825
688 925 368825
689 925 370825
690 925 372825
691 925 374825
692 925 376825
693 925 378825
694 925 380825
695 925 382825
696 925 384825
697 925 386825
698 925 388825
699 925 390825
700 925 392825
701 925 394825
702 925 396825
703 925 398825
704 925 400825
705 925 402825
706 925 404825
707 925 406825
708 925 408825
709 925 410825
710 925 412825
711 925 414825
712 925 416825
713 925 418825
714 925 420825
715 925 422825
716 925 424825
717 925 426825
718 925 428825
719 925 454825
720 925 456825
721 925 458825
722 925 460825
723 925 462825
724 925 464825
725 925 466825
726 925 468825
727 925 470825
728 925 472825
729 925 474825
730 925 476825
731 925 478825
732 925 480825
733 925 482825
734 925 484825
735 925 486825
736 925 488825
737 925 490825
738 925 492825
739 925 494825
740 925 496825
741 925 498825
742 925 500825
743 925 502825
744 925 504825
745 925 506825
746 925 508825
747 925 510825
748 925 512825
749 925 514825
750 925 516825
751 925 518825
752 925 520825
753 925 522825
754 925 524825
755 925 526825
756 925 528825
757 925 530825
758 925 532825
759 925 534825
760 925 536825
761 2925 2825
762 2925 22825
763 2925 24825
764 2925 26825
765 2925 28825
766 2925 30825
767 2925 32825
768 2925 34825
769 2925 36825
770 2925 38825
771 2925 40825
772 2925 42825
773 2925 44825
774 2925 46825
775 2925 48825
776 2925 50825
777 2925 52825
778 2925 54825
779 2925 56825
780 2925 58825
781 2925 60825
782 2925 62825
783 2925 64825