1 1150 4000
2 1050 2750
3 1150 2250
4 1250 2050
5 1350 2350
6 1050 1550
7 3350 1700
8 3450 1450
9 3550 1600
10 3950 1700
11 4050 2000
12 4050 2150
13 4250 1650
14 4150 1500
15 4450 1450
16 4400 1700
17 4600 1850
18 4900 1550
19 5100 1550
20 5350 1450
21 4950 1700
22 4850 1900
23 4900 2050
24 5000 2150
25 5100 2050
26 5400 2050
27 5750 2000
28 5900 2050
29 5600 2250
30 5400 2300
31 5250 2250
32 5000 2350
33 5000 2550
34 5050 2800
35 5250 2750
36 5450 2750
37 5400 2950
38 5200 3150
39 5050 3100
40 4950 3300
41 5100 3600
42 5200 3650
43 5350 3750
44 5450 3750
45 5600 3750
46 5600 4250
47 5450 4250
48 5350 4150
49 5050 3800
50 4950 3500
51 4700 3500
52 4400 3700
53 4450 3500
54 4100 3500
55 4150 3300
56 4100 3150
57 4300 3300
58 4500 3150
59 4500 2950
60 4700 3000
61 4700 2800
62 4700 2500
63 4600 2350
64 4550 2500
65 4550 2800
66 4300 2800
67 4100 2950
68 3700 2800
69 3550 2800
70 3400 2700
71 3400 3200
72 3700 3100
73 3550 3300
74 3350 4250
75 3350 4650
76 3250 5200
77 4000 5050
78 4100 4750
79 3950 4650
80 3950 4250
81 4200 4150
82 4200 4550
83 4500 4400
84 4700 4350
85 4700 4750
86 4500 4800
87 4500 4950
88 4350 4750
89 4350 4900
90 4247 5150
91 4354 5256
92 4247 5256
93 4100 5250
94 4100 5350
95 4000 5550
96 4199 5554
97 4305 5554
98 4304 5447
99 4500 5450
100 4500 6050
101 4650 6000
102 4800 6100
103 5050 6050
104 5150 6150
105 5300 6050
106 5400 6050
107 5150 5500
108 5250 5350
109 5300 5150
110 5650 5350
111 5800 5350
112 5650 5500
113 5800 5500
114 5750 5700
115 5750 5850
116 5700 6000
117 5700 6150
118 5550 6000
119 5550 6150
120 6000 6600
121 6000 7000
122 5550 6650
123 5400 6550
124 5300 6450
125 5150 6550
126 5150 7000
127 5050 6550
128 4800 6500
129 4650 6400
130 4500 6550
131 4250 6700
132 4250 6350
133 4250 5950
134 4100 5850
135 3950 5950
136 3800 5950
137 3950 6350
138 3800 6350
139 3250 7000
140 3300 7450
141 3300 7550
142 3900 7850
143 4250 7800
144 4400 7750
145 4250 7300
146 4450 7450
147 4650 7450
148 4550 7650
149 4550 7900
150 4650 8150
151 4400 8250
152 4250 8250
153 4550 8750
154 4550 8950
155 4250 9250
156 4300 9450
157 4500 9750
158 4300 9950
159 4300 10150
160 4100 10150
161 3900 10150
162 4200 9850
163 4050 9700
164 4200 9450
165 4050 9200
166 3900 9250
167 3750 9500
168 3450 9450
169 3300 9350
170 3300 10650
171 3450 10450
172 3750 10500
173 3600 11100
174 3750 11200
175 3750 11400
176 3600 11600
177 3900 11550
178 3900 11400
179 3900 11150
180 4100 11150
181 4300 11150
182 4600 11100
183 4600 10850
184 4550 10550
185 4500 10250
186 5600 9750
187 5600 10250
188 5950 10250
189 6100 10250
190 6250 10200
191 6400 10300
192 6200 10300
193 6150 10400
194 5950 10550
195 5650 10550
196 5600 10850
197 5950 10850
198 6050 11050
199 6150 11050
200 6200 11150
201 5950 11150
202 5600 11100
203 5950 11650
204 6050 11550
205 6450 11550
206 6350 11350
207 6550 11350
208 6500 11150
209 6650 11050
210 6950 11250
211 6950 10650
212 7000 10500
213 7200 10500
214 7200 10200
215 7100 10250
216 7050 10400
217 6900 10450
218 6700 10300
219 6850 10200
220 7000 10050
221 6800 9950
222 7000 9800
223 7100 9750
224 7300 9650
225 7300 9350
226 7300 9150
227 7300 9000
228 7000 9000
229 6900 9000
230 6950 9250
231 6700 9150
232 6800 9350
233 6700 9650
234 6700 9800
235 6600 9800
236 6500 10050
237 6400 10050
238 6200 9950
239 6100 10050
240 6100 9800
241 5950 9750
242 6000 9600
243 6150 9200
244 6250 8950
245 6250 8850
246 6350 8850
247 6150 8600
248 6150 8500
249 6000 8450
250 6000 8600
251 5550 8950
252 5550 8750
253 5650 8150
254 5550 7900
255 5550 7650
256 5650 7450
257 5900 7350
258 5950 7650
259 6000 7850
260 6400 8350
261 6450 8600
262 6500 8700
263 6500 9000
264 6600 9000
265 6699 8856
266 6699 8750
267 6805 8749
268 6750 8600
269 6750 8500
270 6600 8000
271 6900 8350
272 7200 8000
273 7350 7650
274 7000 7350
275 7100 6750
276 7100 6600
277 6800 6000
278 6603 6057
279 6498 6057
280 6604 5950
281 6700 5800
282 6600 5700
283 6550 5500
284 6800 5500
285 7100 5500
286 7100 5100
287 7350 4900
288 7350 4750
289 7350 4150
290 7350 4050
291 7350 3900
292 7350 3800
293 6950 3900
294 6850 3800
295 6850 4050
296 6950 4150
297 6650 4900
298 6700 5050
299 6700 5300
300 6600 5200
301 6250 5500
302 6106 5606
303 5999 5607
304 5998 5500
305 6250 5000
306 6100 4800
307 6000 4450
308 6100 4400
309 6100 4150
310 6000 3950
311 6000 3800
312 5850 3750
313 5750 3450
314 5850 3050
315 6000 3200
316 6000 3300
317 6100 3650
318 6148 3556
319 6148 3450
320 6254 3557
321 6450 3750
322 6450 3650
323 6450 3450
324 6254 3206
325 6148 3206
326 6148 3099
327 6450 2950
328 6450 2800
329 6300 2800
330 6150 2800
331 6000 2800
332 6150 2300
333 6300 2300
334 6450 2300
335 8100 1700
336 8200 1450
337 8300 1600
338 8700 1700
339 8800 2000
340 8800 2150
341 9000 1650
342 8900 1500
343 9200 1450
344 9150 1700
345 9350 1850
346 9650 1550
347 9850 1550
348 10100 1450
349 9700 1700
350 9600 1900
351 9650 2050
352 9750 2150
353 9850 2050
354 10150 2050
355 10500 2000
356 10650 2050
357 10350 2250
358 10150 2300
359 10000 2250
360 9750 2350
361 9750 2550
362 9800 2800
363 10000 2750
364 10200 2750
365 10150 2950
366 9950 3150
367 9800 3100
368 9700 3300
369 9850 3600
370 9950 3650
371 10100 3750
372 10200 3750
373 10350 3750
374 10350 4250
375 10200 4250
376 10100 4150
377 9800 3800
378 9700 3500
379 9450 3500
380 9150 3700
381 9200 3500
382 8850 3500
383 8900 3300
384 8850 3150
385 9050 3300
386 9250 3150
387 9250 2950
388 9450 3000
389 9450 2800
390 9450 2500
391 9350 2350
392 9300 2500
393 9300 2800
394 9050 2800
395 8850 2950
396 8450 2800
397 8300 2800
398 8150 2700
399 8150 3200
400 8450 3100
401 8300 3300
402 8100 4250
403 8100 4650
404 8000 5200
405 8750 5050
406 8850 4750
407 8700 4650
408 8700 4250
409 8950 4150
410 8950 4550
411 9250 4400
412 9450 4350
413 9450 4750
414 9250 4800
415 9250 4950
416 9100 4750
417 9100 4900
418 8997 5150
419 9104 5256
420 8997 5256
421 8850 5250
422 8850 5350
423 8750 5550
424 8949 5554
425 9055 5554
426 9054 5447
427 9250 5450
428 9250 6050
429 9400 6000
430 9550 6100
431 9800 6050
432 9900 6150
433 10050 6050
434 10150 6050
435 9900 5500
436 10000 5350
437 10050 5150
438 10400 5350
439 10550 5350
440 10400 5500
441 10550 5500
442 10500 5700
443 10500 5850
444 10450 6000
445 10450 6150
446 10300 6000
447 10300 6150
448 10750 6600
449 10750 7000
450 10300 6650
451 10150 6550
452 10050 6450
453 9900 6550
454 9900 7000
455 9800 6550
456 9550 6500
457 9400 6400
458 9250 6550
459 9000 6700
460 9000 6350
461 9000 5950
462 8850 5850
463 8700 5950
464 8550 5950
465 8700 6350
466 8550 6350
467 8000 7000
468 8050 7450
469 8050 7550
470 8650 7850
471 9000 7800
472 9150 7750
473 9000 7300
474 9200 7450
475 9400 7450
476 9300 7650
477 9300 7900
478 9400 8150
479 9150 8250
480 9000 8250
481 9300 8750
482 9300 8950
483 9000 9250
484 9050 9450
485 9250 9750
486 9050 9950
487 9050 10150
488 8850 10150
489 8650 10150
490 8950 9850
491 8800 9700
492 8950 9450
493 8800 9200
494 8650 9250
495 8500 9500
496 8200 9450
497 8050 9350
498 8050 10650
499 8200 10450
500 8500 10500
501 8350 11100
502 8500 11200
503 8500 11400
504 8350 11600
505 8650 11550
506 8650 11400
507 8650 11150
508 8850 11150
509 9050 11150
510 9350 11100
511 9350 10850
512 9300 10550
513 9250 10250
514 10350 9750
515 10350 10250
516 10700 10250
517 10850 10250
518 11000 10200
519 11150 10300
520 10950 10300
521 10900 10400
522 10700 10550
523 10400 10550
524 10350 10850
525 10700 10850
526 10800 11050
527 10900 11050
528 10950 11150
529 10700 11150
530 10350 11100
531 10700 11650
532 10800 11550
533 11200 11550
534 11100 11350
535 11300 11350
536 11250 11150
537 11400 11050
538 11700 11250
539 11700 10650
540 11750 10500
541 11950 10500
542 11950 10200
543 11850 10250
544 11800 10400
545 11650 10450
546 11450 10300
547 11600 10200
548 11750 10050
549 11550 9950
550 11750 9800
551 11850 9750
552 12050 9650
553 12050 9350
554 12050 9150
555 12050 9000
556 11750 9000
557 11650 9000
558 11700 9250
559 11450 9150
560 11550 9350
561 11450 9650
562 11450 9800
563 11350 9800
564 11250 10050
565 11150 10050
566 10950 9950
567 10850 10050
568 10850 9800
569 10700 9750
570 10750 9600
571 10900 9200
572 11000 8950
573 11000 8850
574 11100 8850
575 10900 8600
576 10900 8500
577 10750 8450
578 10750 8600
579 10300 8950
580 10300 8750
581 10400 8150
582 10300 7900
583 10300 7650
584 10400 7450
585 10650 7350
586 10700 7650
587 10750 7850
588 11150 8350
589 11200 8600
590 11250 8700
591 11250 9000
592 11350 9000
593 11449 8856
594 11449 8750
595 11555 8749
596 11500 8600
597 11500 8500
598 11350 8000
599 11650 8350
600 11950 8000